"Event","End Time","Group","Start Time","Latency","Duration","Notes"
"Isolation","2023-12-01T17:56:08+00:00","Behavior Group 2","2023-12-01T17:56:08+00:00",0.0,0.0,""
"Passive","2023-12-01T17:56:24.100000+00:00","Behavior Group 1","2023-12-01T17:56:08+00:00",0.0,16.1,""
"Self Directed","2023-12-01T17:56:26.300000+00:00","Behavior Group 1","2023-12-01T17:56:24.100000+00:00",16.1,2.2,""
"Proximity","2023-12-01T17:56:26.300000+00:00","Behavior Group 2","2023-12-01T17:56:08+00:00",0.0,18.3,""
"Social Contact","2023-12-01T17:56:28.900000+00:00","Behavior Group 2","2023-12-01T17:56:26.300000+00:00",18.3,2.6,""
"Approach","2023-12-01T17:56:38.800000+00:00","","2023-12-01T17:56:38.800000+00:00",30.8,0.0,""
"Proximity","2023-12-01T17:56:38.900000+00:00","Behavior Group 2","2023-12-01T17:56:28.900000+00:00",20.9,10.0,""
"Passive","2023-12-01T17:56:42.600000+00:00","Behavior Group 1","2023-12-01T17:56:26.300000+00:00",18.3,16.3,""
"Social Contact","2023-12-01T17:56:52+00:00","Behavior Group 2","2023-12-01T17:56:38.900000+00:00",30.9,13.1,""
"Mounting","2023-12-01T17:56:52+00:00","Behavior Group 3","2023-12-01T17:56:42.700000+00:00",34.7,9.3,""
"Stop Group 1","2023-12-01T17:56:52+00:00","Behavior Group 1","2023-12-01T17:56:42.600000+00:00",34.6,9.4,""
"Withdraw","2023-12-01T17:56:54+00:00","","2023-12-01T17:56:54+00:00",46.0,0.0,""
"Proximity","2023-12-01T17:56:56.900000+00:00","Behavior Group 2","2023-12-01T17:56:52+00:00",44.0,4.9,""
"Withdraw","2023-12-01T17:56:56.900000+00:00","","2023-12-01T17:56:56.900000+00:00",48.9,0.0,""
"Locomotion","2023-12-01T17:56:57.500000+00:00","Behavior Group 1","2023-12-01T17:56:52+00:00",44.0,5.5,""
"Isolation","2023-12-01T17:57:00+00:00","Behavior Group 2","2023-12-01T17:56:56.900000+00:00",48.9,3.1,""
"Stop Groom","2023-12-01T17:57:00+00:00","Behavior Group 3","2023-12-01T17:56:52+00:00",44.0,8.0,""
"Passive","2023-12-01T17:57:00+00:00","Behavior Group 1","2023-12-01T17:56:57.500000+00:00",49.5,2.5,""
"Yawn","2023-12-01T17:57:50.400000+00:00","","2023-12-01T17:57:50.400000+00:00",102.4,0.0,""
"Stop Group 1","2023-12-01T17:58:18.200000+00:00","Behavior Group 1","2023-12-01T17:57:00+00:00",52.0,78.2,""
"Social Contact","2023-12-01T17:58:18.300000+00:00","Behavior Group 2","2023-12-01T17:57:00+00:00",52.0,78.3,""
"Receive Groom","2023-12-01T17:58:18.300000+00:00","Behavior Group 3","2023-12-01T17:57:00+00:00",52.0,78.3,""
"Proximity","2023-12-01T17:58:20.400000+00:00","Behavior Group 2","2023-12-01T17:58:18.300000+00:00",130.3,2.1,""
"Approach","2023-12-01T17:58:22+00:00","","2023-12-01T17:58:22+00:00",134.0,0.0,""
"Isolation","2023-12-01T17:58:22.100000+00:00","Behavior Group 2","2023-12-01T17:58:20.400000+00:00",132.4,1.7,""
"Stop Groom","2023-12-01T17:58:22.100000+00:00","Behavior Group 3","2023-12-01T17:58:18.300000+00:00",130.3,3.8,""
"Mounting","2023-12-01T17:58:22.100000+00:00","Behavior Group 3","2023-12-01T17:58:22.100000+00:00",134.1,0.0,""
"Stop Groom","2023-12-01T17:58:22.100000+00:00","Behavior Group 3","2023-12-01T17:58:22.100000+00:00",134.1,0.0,""
"Passive","2023-12-01T17:58:22.100000+00:00","Behavior Group 1","2023-12-01T17:58:18.200000+00:00",130.2,3.9,""
"Stop Group 1","2023-12-01T17:58:28.100000+00:00","Behavior Group 1","2023-12-01T17:58:22.100000+00:00",134.1,6.0,""
"Mounting","2023-12-01T17:58:28.500000+00:00","Behavior Group 3","2023-12-01T17:58:22.100000+00:00",134.1,6.4,""
"Social Contact","2023-12-01T17:58:28.500000+00:00","Behavior Group 2","2023-12-01T17:58:22.100000+00:00",134.1,6.4,""
"Locomotion","2023-12-01T17:58:28.500000+00:00","Behavior Group 1","2023-12-01T17:58:28.100000+00:00",140.1,0.4,""
"Withdraw","2023-12-01T17:58:28.800000+00:00","","2023-12-01T17:58:28.800000+00:00",140.8,0.0,""
"Proximity","2023-12-01T17:58:34+00:00","Behavior Group 2","2023-12-01T17:58:28.500000+00:00",140.5,5.5,""
"Stop Groom","2023-12-01T17:58:34+00:00","Behavior Group 3","2023-12-01T17:58:28.500000+00:00",140.5,5.5,""
"Passive","2023-12-01T17:58:34+00:00","Behavior Group 1","2023-12-01T17:58:28.500000+00:00",140.5,5.5,""
"Receive Groom","2023-12-01T17:59:27.100000+00:00","Behavior Group 3","2023-12-01T17:58:34+00:00",146.0,53.1,""
"Stop Group 1","2023-12-01T17:59:27.100000+00:00","Behavior Group 1","2023-12-01T17:58:34+00:00",146.0,53.1,""
"Stop Groom","2023-12-01T17:59:29.700000+00:00","Behavior Group 3","2023-12-01T17:59:27.100000+00:00",199.1,2.6,""
"Passive","2023-12-01T17:59:29.700000+00:00","Behavior Group 1","2023-12-01T17:59:27.100000+00:00",199.1,2.6,""
"Yawn","2023-12-01T17:59:39.100000+00:00","","2023-12-01T17:59:39.100000+00:00",211.1,0.0,""
"Stop Group 1","2023-12-01T17:59:44.800000+00:00","Behavior Group 1","2023-12-01T17:59:29.700000+00:00",201.7,15.1,""
"Receive Groom","2023-12-01T17:59:44.900000+00:00","Behavior Group 3","2023-12-01T17:59:29.700000+00:00",201.7,15.2,""
"Social Contact","2023-12-01T17:59:44.900000+00:00","Behavior Group 2","2023-12-01T17:58:34+00:00",146.0,70.9,""
"Passive","2023-12-01T17:59:52+00:00","Behavior Group 1","2023-12-01T17:59:44.800000+00:00",216.8,7.2,""
"Proximity","2023-12-01T17:59:52.100000+00:00","Behavior Group 2","2023-12-01T17:59:44.900000+00:00",216.9,7.2,""
"Stop Groom","2023-12-01T17:59:52.100000+00:00","Behavior Group 3","2023-12-01T17:59:44.900000+00:00",216.9,7.2,""
"Social Contact","2023-12-01T18:00:24.800000+00:00","Behavior Group 2","2023-12-01T17:59:52.100000+00:00",224.1,32.7,""
"Receive Groom","2023-12-01T18:00:24.800000+00:00","Behavior Group 3","2023-12-01T17:59:52.100000+00:00",224.1,32.7,""
"Stop Group 1","2023-12-01T18:00:24.800000+00:00","Behavior Group 1","2023-12-01T17:59:52+00:00",224.0,32.8,""
"Passive","2023-12-01T18:02:46.600000+00:00","Behavior Group 1","2023-12-01T18:00:24.800000+00:00",256.8,141.8,""
"Self Directed","2023-12-01T18:02:47.600000+00:00","Behavior Group 1","2023-12-01T18:02:46.600000+00:00",398.6,1.0,""
"Proximity","2023-12-01T18:02:57.400000+00:00","Behavior Group 2","2023-12-01T18:00:24.800000+00:00",256.8,152.6,""
"Stop Groom","2023-12-01T18:02:57.400000+00:00","Behavior Group 3","2023-12-01T18:00:24.800000+00:00",256.8,152.6,""
"Passive","2023-12-01T18:02:57.400000+00:00","Behavior Group 1","2023-12-01T18:02:47.600000+00:00",399.6,9.8,""
"Stop Group 1","2023-12-01T18:03:47.300000+00:00","Behavior Group 1","2023-12-01T18:02:57.400000+00:00",409.4,49.9,""
"Receive Groom","2023-12-01T18:03:47.400000+00:00","Behavior Group 3","2023-12-01T18:02:57.400000+00:00",409.4,50.0,""
"Social Contact","2023-12-01T18:03:47.400000+00:00","Behavior Group 2","2023-12-01T18:02:57.400000+00:00",409.4,50.0,""
"Proximity","2023-12-01T18:03:49.200000+00:00","Behavior Group 2","2023-12-01T18:03:47.400000+00:00",459.4,1.8,""
"Social Contact","2023-12-01T18:03:58.500000+00:00","Behavior Group 2","2023-12-01T18:03:49.200000+00:00",461.2,9.3,""
"Passive","2023-12-01T18:04:00.400000+00:00","Behavior Group 1","2023-12-01T18:03:47.300000+00:00",459.3,13.1,""
"Stop Groom","2023-12-01T18:04:00.500000+00:00","Behavior Group 3","2023-12-01T18:03:47.400000+00:00",459.4,13.1,""
"Proximity","2023-12-01T18:04:00.600000+00:00","Behavior Group 2","2023-12-01T18:03:58.500000+00:00",470.5,2.1,""
"Stop Group 1","2023-12-01T18:04:18.500000+00:00","Behavior Group 1","2023-12-01T18:04:00.400000+00:00",472.4,18.1,""
"Social Contact","2023-12-01T18:04:18.600000+00:00","Behavior Group 2","2023-12-01T18:04:00.600000+00:00",472.6,18.0,""
"Receive Groom","2023-12-01T18:04:18.600000+00:00","Behavior Group 3","2023-12-01T18:04:00.500000+00:00",472.5,18.1,""
"Proximity","2023-12-01T18:04:31.400000+00:00","Behavior Group 2","2023-12-01T18:04:18.600000+00:00",490.6,12.8,""
"Stop Groom","2023-12-01T18:04:31.400000+00:00","Behavior Group 3","2023-12-01T18:04:18.600000+00:00",490.6,12.8,""
"Passive","2023-12-01T18:04:31.400000+00:00","Behavior Group 1","2023-12-01T18:04:18.500000+00:00",490.5,12.9,""
"Stop Group 1","2023-12-01T18:04:46.200000+00:00","Behavior Group 1","2023-12-01T18:04:31.400000+00:00",503.4,14.8,""
"Receive Groom","2023-12-01T18:04:46.300000+00:00","Behavior Group 3","2023-12-01T18:04:31.400000+00:00",503.4,14.9,""
"Passive","2023-12-01T18:04:59.600000+00:00","Behavior Group 1","2023-12-01T18:04:46.200000+00:00",518.2,13.4,""
"Stop Groom","2023-12-01T18:04:59.700000+00:00","Behavior Group 3","2023-12-01T18:04:46.300000+00:00",518.3,13.4,""
"Solicit Grooming","2023-12-01T18:05:01.100000+00:00","Behavior Group 3","2023-12-01T18:04:59.700000+00:00",531.7,1.4,""
"Receive Groom","2023-12-01T18:05:13.300000+00:00","Behavior Group 3","2023-12-01T18:05:01.100000+00:00",533.1,12.2,""
"Social Contact","2023-12-01T18:05:13.300000+00:00","Behavior Group 2","2023-12-01T18:04:31.400000+00:00",503.4,41.9,""
"Stop Groom","2023-12-01T18:05:13.300000+00:00","Behavior Group 3","2023-12-01T18:05:13.300000+00:00",545.3,0.0,""
"Stop Group 1","2023-12-01T18:05:22.200000+00:00","Behavior Group 1","2023-12-01T18:04:59.600000+00:00",531.6,22.6,""
"Solicit Grooming","2023-12-01T18:05:22.500000+00:00","Behavior Group 3","2023-12-01T18:05:13.300000+00:00",545.3,9.2,""
"Proximity","2023-12-01T18:05:42.700000+00:00","Behavior Group 2","2023-12-01T18:05:13.300000+00:00",545.3,29.4,""
"Passive","2023-12-01T18:07:11.300000+00:00","Behavior Group 1","2023-12-01T18:05:22.200000+00:00",554.2,109.1,""
"Social Contact","2023-12-01T18:07:15.900000+00:00","Behavior Group 2","2023-12-01T18:05:42.700000+00:00",574.7,93.2,""
"Manipulation","2023-12-01T18:07:23.200000+00:00","Behavior Group 1","2023-12-01T18:07:11.300000+00:00",663.3,11.9,""
"Passive","2023-12-01T18:08:13.900000+00:00","Behavior Group 1","2023-12-01T18:07:23.200000+00:00",675.2,50.7,""
"Proximity","2023-12-01T18:08:18.800000+00:00","Behavior Group 2","2023-12-01T18:07:15.900000+00:00",667.9,62.9,""
"Locomotion","2023-12-01T18:08:18.800000+00:00","Behavior Group 1","2023-12-01T18:08:13.900000+00:00",725.9,4.9,""
"Social Contact","2023-12-01T18:08:26.200000+00:00","Behavior Group 2","2023-12-01T18:08:18.800000+00:00",730.8,7.4,""
"Approach","2023-12-01T18:08:30.600000+00:00","","2023-12-01T18:08:30.600000+00:00",742.6,0.0,""
"Proximity","2023-12-01T18:08:30.700000+00:00","Behavior Group 2","2023-12-01T18:08:26.200000+00:00",738.2,4.5,""
"Social Contact","2023-12-01T18:08:33+00:00","Behavior Group 2","2023-12-01T18:08:30.700000+00:00",742.7,2.3,""
"Withdraw","2023-12-01T18:08:33+00:00","","2023-12-01T18:08:33+00:00",745.0,0.0,""
"Proximity","2023-12-01T18:08:41.300000+00:00","Behavior Group 2","2023-12-01T18:08:33+00:00",745.0,8.3,""
"Stop Groom","2023-12-01T18:08:41.300000+00:00","Behavior Group 3","2023-12-01T18:05:22.500000+00:00",554.5,198.8,""
"Passive","2023-12-01T18:08:41.300000+00:00","Behavior Group 1","2023-12-01T18:08:18.800000+00:00",730.8,22.5,""
"Stop Group 1","2023-12-01T18:09:44.200000+00:00","Behavior Group 1","2023-12-01T18:08:41.300000+00:00",753.3,62.9,""
"Social Contact","2023-12-01T18:09:44.300000+00:00","Behavior Group 2","2023-12-01T18:08:41.300000+00:00",753.3,63.0,""
"Receive Groom","2023-12-01T18:09:44.300000+00:00","Behavior Group 3","2023-12-01T18:08:41.300000+00:00",753.3,63.0,""
"Passive","2023-12-01T18:09:48.300000+00:00","Behavior Group 1","2023-12-01T18:09:44.200000+00:00",816.2,4.1,""
"Proximity","2023-12-01T18:09:48.400000+00:00","Behavior Group 2","2023-12-01T18:09:44.300000+00:00",816.3,4.1,""
"Stop Groom","2023-12-01T18:09:48.400000+00:00","Behavior Group 3","2023-12-01T18:09:44.300000+00:00",816.3,4.1,""
"Social Contact","2023-12-01T18:09:57.100000+00:00","Behavior Group 2","2023-12-01T18:09:48.400000+00:00",820.4,8.7,""
"Receive Groom","2023-12-01T18:09:57.100000+00:00","Behavior Group 3","2023-12-01T18:09:48.400000+00:00",820.4,8.7,""
"Stop Group 1","2023-12-01T18:09:57.100000+00:00","Behavior Group 1","2023-12-01T18:09:48.300000+00:00",820.3,8.8,""
"Passive","2023-12-01T18:10:08.200000+00:00","Behavior Group 1","2023-12-01T18:09:57.100000+00:00",829.1,11.1,""
"Proximity","2023-12-01T18:10:08.300000+00:00","Behavior Group 2","2023-12-01T18:09:57.100000+00:00",829.1,11.2,""
"Stop Groom","2023-12-01T18:10:08.300000+00:00","Behavior Group 3","2023-12-01T18:09:57.100000+00:00",829.1,11.2,""
"Social Contact","2023-12-01T18:10:29.600000+00:00","Behavior Group 2","2023-12-01T18:10:08.300000+00:00",840.3,21.3,""
"Receive Groom","2023-12-01T18:10:29.600000+00:00","Behavior Group 3","2023-12-01T18:10:08.300000+00:00",840.3,21.3,""
"Stop Group 1","2023-12-01T18:10:29.600000+00:00","Behavior Group 1","2023-12-01T18:10:08.200000+00:00",840.2,21.4,""
"Passive","2023-12-01T18:10:39+00:00","Behavior Group 1","2023-12-01T18:10:29.600000+00:00",861.6,9.4,""
"Self Directed","2023-12-01T18:10:40.300000+00:00","Behavior Group 1","2023-12-01T18:10:39+00:00",871.0,1.3,""
"Stop Groom","2023-12-01T18:10:52.700000+00:00","Behavior Group 3","2023-12-01T18:10:29.600000+00:00",861.6,23.1,""
"Passive","2023-12-01T18:10:52.700000+00:00","Behavior Group 1","2023-12-01T18:10:40.300000+00:00",872.3,12.4,""
"Solicit Grooming","2023-12-01T18:10:53.300000+00:00","Behavior Group 3","2023-12-01T18:10:52.700000+00:00",884.7,0.6,""
"Proximity","2023-12-01T18:10:53.300000+00:00","Behavior Group 2","2023-12-01T18:10:29.600000+00:00",861.6,23.7,""
"Yawn","2023-12-01T18:11:00.400000+00:00","","2023-12-01T18:11:00.400000+00:00",892.4,0.0,""
"Receive Groom","2023-12-01T18:11:59.100000+00:00","Behavior Group 3","2023-12-01T18:10:53.300000+00:00",885.3,65.8,""
"Stop Group 1","2023-12-01T18:11:59.100000+00:00","Behavior Group 1","2023-12-01T18:10:52.700000+00:00",884.7,66.4,""
"Stop Groom","2023-12-01T18:12:01.900000+00:00","Behavior Group 3","2023-12-01T18:11:59.100000+00:00",951.1,2.8,""
"Passive","2023-12-01T18:12:01.900000+00:00","Behavior Group 1","2023-12-01T18:11:59.100000+00:00",951.1,2.8,""
"Solicit Grooming","2023-12-01T18:12:03.200000+00:00","Behavior Group 3","2023-12-01T18:12:01.900000+00:00",953.9,1.3,""
"Stop Group 1","2023-12-01T18:12:03.200000+00:00","Behavior Group 1","2023-12-01T18:12:01.900000+00:00",953.9,1.3,""
"Stop Groom","2023-12-01T18:12:08.900000+00:00","Behavior Group 3","2023-12-01T18:12:03.200000+00:00",955.2,5.7,""
"Passive","2023-12-01T18:12:08.900000+00:00","Behavior Group 1","2023-12-01T18:12:03.200000+00:00",955.2,5.7,""
"Stop Group 1","2023-12-01T18:12:10.100000+00:00","Behavior Group 1","2023-12-01T18:12:08.900000+00:00",960.9,1.2,""
"Solicit Grooming","2023-12-01T18:12:10.100000+00:00","Behavior Group 3","2023-12-01T18:12:08.900000+00:00",960.9,1.2,""
"Social Contact","2023-12-01T18:12:15.200000+00:00","Behavior Group 2","2023-12-01T18:10:53.300000+00:00",885.3,81.9,""
"Proximity","2023-12-01T18:12:25.500000+00:00","Behavior Group 2","2023-12-01T18:12:15.200000+00:00",967.2,10.3,""
"Approach","2023-12-01T18:12:25.500000+00:00","","2023-12-01T18:12:25.500000+00:00",977.5,0.0,""
"Social Contact","2023-12-01T18:12:40.200000+00:00","Behavior Group 2","2023-12-01T18:12:25.500000+00:00",977.5,14.7,""
"Passive","2023-12-01T18:12:41.900000+00:00","Behavior Group 1","2023-12-01T18:12:10.100000+00:00",962.1,31.8,""
"Withdraw","2023-12-01T18:12:41.900000+00:00","","2023-12-01T18:12:41.900000+00:00",993.9,0.0,""
"Locomotion","2023-12-01T18:12:52.599000+00:00","Behavior Group 1","2023-12-01T18:12:41.900000+00:00",993.9,10.699,""
"Proximity","2023-12-01T18:12:52.599000+00:00","Behavior Group 2","2023-12-01T18:12:40.200000+00:00",992.2,12.399,""
"Withdraw","2023-12-01T18:12:52.599000+00:00","","2023-12-01T18:12:52.599000+00:00",1004.599,0.0,""
"Passive","2023-12-01T18:13:05.300000+00:00","Behavior Group 1","2023-12-01T18:12:52.599000+00:00",1004.599,12.701,""
"Approach","2023-12-01T18:13:05.300000+00:00","","2023-12-01T18:13:05.300000+00:00",1017.3,0.0,""
"Isolation","2023-12-01T18:13:05.700000+00:00","Behavior Group 2","2023-12-01T18:12:52.599000+00:00",1004.599,13.101,""
"Locomotion","2023-12-01T18:13:09.400000+00:00","Behavior Group 1","2023-12-01T18:13:05.300000+00:00",1017.3,4.1,""
"Self Directed","2023-12-01T18:13:13.200000+00:00","Behavior Group 1","2023-12-01T18:13:09.400000+00:00",1021.4,3.8,""
"Passive","2023-12-01T18:13:15.500000+00:00","Behavior Group 1","2023-12-01T18:13:13.200000+00:00",1025.2,2.3,""
"Proximity","2023-12-01T18:13:15.599000+00:00","Behavior Group 2","2023-12-01T18:13:05.700000+00:00",1017.7,9.899,""
"Stop Groom","2023-12-01T18:13:15.599000+00:00","Behavior Group 3","2023-12-01T18:12:10.100000+00:00",962.1,65.499,""
"Receive Groom","2023-12-01T18:13:51.300000+00:00","Behavior Group 3","2023-12-01T18:13:15.599000+00:00",1027.599,35.701,""
"Stop Group 1","2023-12-01T18:13:51.300000+00:00","Behavior Group 1","2023-12-01T18:13:15.500000+00:00",1027.5,35.8,""
"Passive","2023-12-01T18:14:06.100000+00:00","Behavior Group 1","2023-12-01T18:13:51.300000+00:00",1063.3,14.8,""
"Self Directed","2023-12-01T18:14:10.300000+00:00","Behavior Group 1","2023-12-01T18:14:06.100000+00:00",1078.1,4.2,""
"Social Contact","2023-12-01T18:14:12.700000+00:00","Behavior Group 2","2023-12-01T18:13:15.599000+00:00",1027.599,57.101,""
"Passive","2023-12-01T18:14:18.800000+00:00","Behavior Group 1","2023-12-01T18:14:10.300000+00:00",1082.3,8.5,""
"Approach","2023-12-01T18:14:19.300000+00:00","","2023-12-01T18:14:19.300000+00:00",1091.3,0.0,""
"Proximity","2023-12-01T18:14:19.600000+00:00","Behavior Group 2","2023-12-01T18:14:12.700000+00:00",1084.7,6.9,""
"Stop Groom","2023-12-01T18:14:20.900000+00:00","Behavior Group 3","2023-12-01T18:13:51.300000+00:00",1063.3,29.6,""
"Locomotion","2023-12-01T18:14:20.900000+00:00","Behavior Group 1","2023-12-01T18:14:18.800000+00:00",1090.8,2.1,""
"Mounting","2023-12-01T18:14:22.300000+00:00","Behavior Group 3","2023-12-01T18:14:20.900000+00:00",1092.9,1.4,""
"Stop Group 1","2023-12-01T18:14:22.300000+00:00","Behavior Group 1","2023-12-01T18:14:20.900000+00:00",1092.9,1.4,""
"Social Contact","2023-12-01T18:14:22.300000+00:00","Behavior Group 2","2023-12-01T18:14:19.600000+00:00",1091.6,2.7,""
"Withdraw","2023-12-01T18:14:22.900000+00:00","","2023-12-01T18:14:22.900000+00:00",1094.9,0.0,""
"Locomotion","2023-12-01T18:14:25.200000+00:00","Behavior Group 1","2023-12-01T18:14:22.300000+00:00",1094.3,2.9,""
"Self Directed","2023-12-01T18:14:33.200000+00:00","Behavior Group 1","2023-12-01T18:14:25.200000+00:00",1097.2,8.0,""
"Proximity","2023-12-01T18:14:35.900000+00:00","Behavior Group 2","2023-12-01T18:14:22.300000+00:00",1094.3,13.6,""
"Stop Groom","2023-12-01T18:14:35.900000+00:00","Behavior Group 3","2023-12-01T18:14:22.300000+00:00",1094.3,13.6,""
"Passive","2023-12-01T18:14:35.900000+00:00","Behavior Group 1","2023-12-01T18:14:33.200000+00:00",1105.2,2.7,""
"Receive Groom","2023-12-01T18:14:43.400000+00:00","Behavior Group 3","2023-12-01T18:14:35.900000+00:00",1107.9,7.5,""
"Stop Group 1","2023-12-01T18:14:43.400000+00:00","Behavior Group 1","2023-12-01T18:14:35.900000+00:00",1107.9,7.5,""
"Social Contact","2023-12-01T18:14:52.300000+00:00","Behavior Group 2","2023-12-01T18:14:35.900000+00:00",1107.9,16.4,""
"Proximity","2023-12-01T18:14:53.300000+00:00","Behavior Group 2","2023-12-01T18:14:52.300000+00:00",1124.3,1.0,""
"Passive","2023-12-01T18:14:57.500000+00:00","Behavior Group 1","2023-12-01T18:14:43.400000+00:00",1115.4,14.1,""
"Self Directed","2023-12-01T18:15:07.200000+00:00","Behavior Group 1","2023-12-01T18:14:57.500000+00:00",1129.5,9.7,""
"Social Contact","2023-12-01T18:15:07.200000+00:00","Behavior Group 2","2023-12-01T18:14:53.300000+00:00",1125.3,13.9,""
"Passive","2023-12-01T18:15:08+00:00","Behavior Group 1","2023-12-01T18:15:07.200000+00:00",1139.2,0.8,""
"Locomotion","2023-12-01T18:15:17.600000+00:00","Behavior Group 1","2023-12-01T18:15:08+00:00",1140.0,9.6,""
"Passive","2023-12-01T18:15:17.600000+00:00","Behavior Group 1","2023-12-01T18:15:17.600000+00:00",1149.6,0.0,""
"Self Directed","2023-12-01T18:15:18.400000+00:00","Behavior Group 1","2023-12-01T18:15:17.600000+00:00",1149.6,0.8,""
"Passive","2023-12-01T18:15:22.600000+00:00","Behavior Group 1","2023-12-01T18:15:18.400000+00:00",1150.4,4.2,""
"Locomotion","2023-12-01T18:15:24.700000+00:00","Behavior Group 1","2023-12-01T18:15:22.600000+00:00",1154.6,2.1,""
"Manipulation","2023-12-01T18:15:26.100000+00:00","Behavior Group 1","2023-12-01T18:15:24.700000+00:00",1156.7,1.4,""
"Passive","2023-12-01T18:15:26.100000+00:00","Behavior Group 1","2023-12-01T18:15:26.100000+00:00",1158.1,0.0,""
"Locomotion","2023-12-01T18:15:28.700000+00:00","Behavior Group 1","2023-12-01T18:15:26.100000+00:00",1158.1,2.6,""
"Proximity","2023-12-01T18:15:41.200000+00:00","Behavior Group 2","2023-12-01T18:15:07.200000+00:00",1139.2,34.0,""
"Isolation","2023-12-01T18:15:52+00:00","Behavior Group 2","2023-12-01T18:15:41.200000+00:00",1173.2,10.8,""
"Passive","2023-12-01T18:16:05.900000+00:00","Behavior Group 1","2023-12-01T18:15:28.700000+00:00",1160.7,37.2,""
"Self Directed","2023-12-01T18:16:07+00:00","Behavior Group 1","2023-12-01T18:16:05.900000+00:00",1197.9,1.1,""
"Passive","2023-12-01T18:16:11.900000+00:00","Behavior Group 1","2023-12-01T18:16:07+00:00",1199.0,4.9,""
"Locomotion","2023-12-01T18:16:15+00:00","Behavior Group 1","2023-12-01T18:16:11.900000+00:00",1203.9,3.1,""
"Passive","2023-12-01T18:16:17.900000+00:00","Behavior Group 1","2023-12-01T18:16:15+00:00",1207.0,2.9,""
"Self Directed","2023-12-01T18:16:23+00:00","Behavior Group 1","2023-12-01T18:16:17.900000+00:00",1209.9,5.1,""
"Passive","2023-12-01T18:16:49.200000+00:00","Behavior Group 1","2023-12-01T18:16:23+00:00",1215.0,26.2,""
"Proximity","2023-12-01T18:16:54.900000+00:00","Behavior Group 2","2023-12-01T18:15:52+00:00",1184.0,62.9,""
"Locomotion","2023-12-01T18:16:54.900000+00:00","Behavior Group 1","2023-12-01T18:16:49.200000+00:00",1241.2,5.7,""
"Passive","2023-12-01T18:17:00.200000+00:00","Behavior Group 1","2023-12-01T18:16:54.900000+00:00",1246.9,5.3,""
"Social Contact","2023-12-01T18:17:03.800000+00:00","Behavior Group 2","2023-12-01T18:16:54.900000+00:00",1246.9,8.9,""
"Locomotion","2023-12-01T18:17:06.300000+00:00","Behavior Group 1","2023-12-01T18:17:00.200000+00:00",1252.2,6.1,""
"Self Directed","2023-12-01T18:17:06.900000+00:00","Behavior Group 1","2023-12-01T18:17:06.300000+00:00",1258.3,0.6,""
"Stop Group 1","2023-12-01T18:17:06.900000+00:00","Behavior Group 1","2023-12-01T18:17:06.900000+00:00",1258.9,0.0,""
"Proximity","2023-12-01T18:17:07.800000+00:00","Behavior Group 2","2023-12-01T18:17:03.800000+00:00",1255.8,4.0,""
"Stop Groom","2023-12-01T18:17:07.800000+00:00","Behavior Group 3","2023-12-01T18:14:43.400000+00:00",1115.4,144.4,""
"Passive","2023-12-01T18:17:07.800000+00:00","Behavior Group 1","2023-12-01T18:17:06.900000+00:00",1258.9,0.9,""
"Approach","2023-12-01T18:17:07.800000+00:00","","2023-12-01T18:17:07.800000+00:00",1259.8,0.0,""
"Social Contact","2023-12-01T18:17:09.100000+00:00","Behavior Group 2","2023-12-01T18:17:07.800000+00:00",1259.8,1.3,""
"Give Groom","2023-12-01T18:17:09.100000+00:00","Behavior Group 3","2023-12-01T18:17:07.800000+00:00",1259.8,1.3,""
"Stop Group 1","2023-12-01T18:17:09.100000+00:00","Behavior Group 1","2023-12-01T18:17:07.800000+00:00",1259.8,1.3,""
"Withdraw","2023-12-01T18:17:09.700000+00:00","","2023-12-01T18:17:09.700000+00:00",1261.7,0.0,""
"Proximity","2023-12-01T18:17:12.500000+00:00","Behavior Group 2","2023-12-01T18:17:09.100000+00:00",1261.1,3.4,""
"Stop Groom","2023-12-01T18:17:13.400000+00:00","Behavior Group 3","2023-12-01T18:17:09.100000+00:00",1261.1,4.3,""
"Passive","2023-12-01T18:17:13.400000+00:00","Behavior Group 1","2023-12-01T18:17:09.100000+00:00",1261.1,4.3,""
"Solicit Grooming","2023-12-01T18:17:15.700000+00:00","Behavior Group 3","2023-12-01T18:17:13.400000+00:00",1265.4,2.3,""
"Receive Groom","2023-12-01T18:17:22.100000+00:00","Behavior Group 3","2023-12-01T18:17:15.700000+00:00",1267.7,6.4,""
"Stop Groom","2023-12-01T18:17:22.100000+00:00","Behavior Group 3","2023-12-01T18:17:22.100000+00:00",1274.1,0.0,""
"Solicit Grooming","2023-12-01T18:17:27.400000+00:00","Behavior Group 3","2023-12-01T18:17:22.100000+00:00",1274.1,5.3,""
"Yawn","2023-12-01T18:17:28.900000+00:00","","2023-12-01T18:17:28.900000+00:00",1280.9,0.0,""
"Receive Groom","2023-12-01T18:20:57.400000+00:00","Behavior Group 3","2023-12-01T18:17:27.400000+00:00",1279.4,210.0,""
"Stop Group 1","2023-12-01T18:20:57.400000+00:00","Behavior Group 1","2023-12-01T18:17:13.400000+00:00",1265.4,224.0,""
"Stop Groom","2023-12-01T18:21:00.400000+00:00","Behavior Group 3","2023-12-01T18:20:57.400000+00:00",1489.4,3.0,""
"Passive","2023-12-01T18:21:00.400000+00:00","Behavior Group 1","2023-12-01T18:20:57.400000+00:00",1489.4,3.0,""
"Stop Group 1","2023-12-01T18:21:01.800000+00:00","Behavior Group 1","2023-12-01T18:21:00.400000+00:00",1492.4,1.4,""
"Solicit Grooming","2023-12-01T18:21:01.800000+00:00","Behavior Group 3","2023-12-01T18:21:00.400000+00:00",1492.4,1.4,""
"Stop Groom","2023-12-01T18:21:04.400000+00:00","Behavior Group 3","2023-12-01T18:21:01.800000+00:00",1493.8,2.6,""
"Passive","2023-12-01T18:21:04.400000+00:00","Behavior Group 1","2023-12-01T18:21:01.800000+00:00",1493.8,2.6,""
"Solicit Grooming","2023-12-01T18:21:04.900000+00:00","Behavior Group 3","2023-12-01T18:21:04.400000+00:00",1496.4,0.5,""
"Receive Groom","2023-12-01T18:21:26.400000+00:00","Behavior Group 3","2023-12-01T18:21:04.900000+00:00",1496.9,21.5,""
"Stop Group 1","2023-12-01T18:21:26.400000+00:00","Behavior Group 1","2023-12-01T18:21:04.400000+00:00",1496.4,22.0,""
"Passive","2023-12-01T18:21:37.500000+00:00","Behavior Group 1","2023-12-01T18:21:26.400000+00:00",1518.4,11.1,""
"Social Contact","2023-12-01T18:21:38+00:00","Behavior Group 2","2023-12-01T18:17:12.500000+00:00",1264.5,265.5,""
"Withdraw","2023-12-01T18:21:38+00:00","","2023-12-01T18:21:38+00:00",1530.0,0.0,""
"Locomotion","2023-12-01T18:21:41+00:00","Behavior Group 1","2023-12-01T18:21:37.500000+00:00",1529.5,3.5,""
"Proximity","2023-12-01T18:21:41.300000+00:00","Behavior Group 2","2023-12-01T18:21:38+00:00",1530.0,3.3,""
"Stop Groom","2023-12-01T18:21:41.400000+00:00","Behavior Group 3","2023-12-01T18:21:26.400000+00:00",1518.4,15.0,""
"Passive","2023-12-01T18:21:41.400000+00:00","Behavior Group 1","2023-12-01T18:21:41+00:00",1533.0,0.4,""
"Stop Group 1","2023-12-01T18:21:45.500000+00:00","Behavior Group 1","2023-12-01T18:21:41.400000+00:00",1533.4,4.1,""
"Social Contact","2023-12-01T18:21:47.800000+00:00","Behavior Group 2","2023-12-01T18:21:41.300000+00:00",1533.3,6.5,""
"Receive Groom","2023-12-01T18:21:47.800000+00:00","Behavior Group 3","2023-12-01T18:21:41.400000+00:00",1533.4,6.4,""
"Withdraw","2023-12-01T18:21:47.900000+00:00","","2023-12-01T18:21:47.900000+00:00",1539.9,0.0,""
"Locomotion","2023-12-01T18:21:48.300000+00:00","Behavior Group 1","2023-12-01T18:21:45.500000+00:00",1537.5,2.8,""
"Passive","2023-12-01T18:21:57.300000+00:00","Behavior Group 1","2023-12-01T18:21:48.300000+00:00",1540.3,9.0,""
"Stop Groom","2023-12-01T18:21:57.400000+00:00","Behavior Group 3","2023-12-01T18:21:47.800000+00:00",1539.8,9.6,""
"Stop Group 1","2023-12-01T18:22:13.900000+00:00","Behavior Group 1","2023-12-01T18:21:57.300000+00:00",1549.3,16.6,""
"Solicit Grooming","2023-12-01T18:22:14+00:00","Behavior Group 3","2023-12-01T18:21:57.400000+00:00",1549.4,16.6,""
"Passive","2023-12-01T18:22:30.100000+00:00","Behavior Group 1","2023-12-01T18:22:13.900000+00:00",1565.9,16.2,""
"Proximity","2023-12-01T18:22:30.200000+00:00","Behavior Group 2","2023-12-01T18:21:47.800000+00:00",1539.8,42.4,""
"Stop Groom","2023-12-01T18:22:30.200000+00:00","Behavior Group 3","2023-12-01T18:22:14+00:00",1566.0,16.2,""
"Yawn","2023-12-01T18:23:10.400000+00:00","","2023-12-01T18:23:10.400000+00:00",1622.4,0.0,""
"Stop Group 1","2023-12-01T18:23:14.800000+00:00","Behavior Group 1","2023-12-01T18:22:30.100000+00:00",1582.1,44.7,""
"Locomotion","2023-12-01T18:23:16.200000+00:00","Behavior Group 1","2023-12-01T18:23:14.800000+00:00",1626.8,1.4,""
"Stop Group 1","2023-12-01T18:23:51.200000+00:00","Behavior Group 1","2023-12-01T18:23:16.200000+00:00",1628.2,35.0,""
"Social Contact","2023-12-01T18:23:55.900000+00:00","Behavior Group 2","2023-12-01T18:22:30.200000+00:00",1582.2,85.7,""
"Receive Groom","2023-12-01T18:23:55.900000+00:00","Behavior Group 3","2023-12-01T18:22:30.200000+00:00",1582.2,85.7,""
"Withdraw","2023-12-01T18:23:55.900000+00:00","","2023-12-01T18:23:55.900000+00:00",1667.9,0.0,""
"Locomotion","2023-12-01T18:23:58.100000+00:00","Behavior Group 1","2023-12-01T18:23:51.200000+00:00",1663.2,6.9,""
"Passive","2023-12-01T18:24:02.600000+00:00","Behavior Group 1","2023-12-01T18:23:58.100000+00:00",1670.1,4.5,""
"Self Directed","2023-12-01T18:24:03.600000+00:00","Behavior Group 1","2023-12-01T18:24:02.600000+00:00",1674.6,1.0,""
"Passive","2023-12-01T18:24:09.900000+00:00","Behavior Group 1","2023-12-01T18:24:03.600000+00:00",1675.6,6.3,""
"Proximity","2023-12-01T18:24:12.400000+00:00","Behavior Group 2","2023-12-01T18:23:55.900000+00:00",1667.9,16.5,""
"Approach","2023-12-01T18:24:12.400000+00:00","","2023-12-01T18:24:12.400000+00:00",1684.4,0.0,""
"Social Contact","2023-12-01T18:24:16+00:00","Behavior Group 2","2023-12-01T18:24:12.400000+00:00",1684.4,3.6,""
"Withdraw","2023-12-01T18:24:16+00:00","","2023-12-01T18:24:16+00:00",1688.0,0.0,""
"Locomotion","2023-12-01T18:24:16.800000+00:00","Behavior Group 1","2023-12-01T18:24:09.900000+00:00",1681.9,6.9,""
"Passive","2023-12-01T18:24:16.800000+00:00","Behavior Group 1","2023-12-01T18:24:16.800000+00:00",1688.8,0.0,""
"Self Directed","2023-12-01T18:24:18.500000+00:00","Behavior Group 1","2023-12-01T18:24:16.800000+00:00",1688.8,1.7,""
"Proximity","2023-12-01T18:24:22.300000+00:00","Behavior Group 2","2023-12-01T18:24:16+00:00",1688.0,6.3,""
"Passive","2023-12-01T18:24:22.300000+00:00","Behavior Group 1","2023-12-01T18:24:18.500000+00:00",1690.5,3.8,""
"Stop Groom","2023-12-01T18:24:22.400000+00:00","Behavior Group 3","2023-12-01T18:23:55.900000+00:00",1667.9,26.5,""
"Yawn","2023-12-01T18:24:33.100000+00:00","","2023-12-01T18:24:33.100000+00:00",1705.1,0.0,""
"Receive Groom","2023-12-01T18:24:55.400000+00:00","Behavior Group 3","2023-12-01T18:24:22.400000+00:00",1694.4,33.0,""
"Social Contact","2023-12-01T18:24:55.500000+00:00","Behavior Group 2","2023-12-01T18:24:22.300000+00:00",1694.3,33.2,""
"Stop Group 1","2023-12-01T18:24:56.700000+00:00","Behavior Group 1","2023-12-01T18:24:22.300000+00:00",1694.3,34.4,""
"Solicit Grooming","2023-12-01T18:24:56.700000+00:00","Behavior Group 3","2023-12-01T18:24:55.400000+00:00",1727.4,1.3,""
"Proximity","2023-12-01T18:25:16.600000+00:00","Behavior Group 2","2023-12-01T18:24:55.500000+00:00",1727.5,21.1,""
"Stop Groom","2023-12-01T18:25:16.600000+00:00","Behavior Group 3","2023-12-01T18:24:56.700000+00:00",1728.7,19.9,""
"Passive","2023-12-01T18:25:16.600000+00:00","Behavior Group 1","2023-12-01T18:24:56.700000+00:00",1728.7,19.9,""
"Stop Group 1","2023-12-01T18:26:24.700000+00:00","Behavior Group 1","2023-12-01T18:25:16.600000+00:00",1748.6,68.1,""
"Locomotion","2023-12-01T18:26:27.400000+00:00","Behavior Group 1","2023-12-01T18:26:24.700000+00:00",1816.7,2.7,""
"Stop Group 1","2023-12-01T18:27:42.800000+00:00","Behavior Group 1","2023-12-01T18:26:27.400000+00:00",1819.4,75.4,""
"Withdraw","2023-12-01T18:27:42.800000+00:00","","2023-12-01T18:27:42.800000+00:00",1894.8,0.0,""
"Social Contact","2023-12-01T18:27:46.100000+00:00","Behavior Group 2","2023-12-01T18:25:16.600000+00:00",1748.6,149.5,""
"Receive Groom","2023-12-01T18:27:46.100000+00:00","Behavior Group 3","2023-12-01T18:25:16.600000+00:00",1748.6,149.5,""
"Locomotion","2023-12-01T18:27:54+00:00","Behavior Group 1","2023-12-01T18:27:42.800000+00:00",1894.8,11.2,""
"Self Directed","2023-12-01T18:27:58.100000+00:00","Behavior Group 1","2023-12-01T18:27:54+00:00",1906.0,4.1,""
"Proximity","2023-12-01T18:28:00.400000+00:00","Behavior Group 2","2023-12-01T18:27:46.100000+00:00",1898.1,14.3,""
"Withdraw","2023-12-01T18:28:02.200000+00:00","","2023-12-01T18:28:02.200000+00:00",1914.2,0.0,""
"Approach","2023-12-01T18:28:09.400000+00:00","","2023-12-01T18:28:09.400000+00:00",1921.4,0.0,""
"Isolation","2023-12-01T18:28:09.400000+00:00","Behavior Group 2","2023-12-01T18:28:00.400000+00:00",1912.4,9.0,""
"Locomotion","2023-12-01T18:28:12.600000+00:00","Behavior Group 1","2023-12-01T18:27:58.100000+00:00",1910.1,14.5,""
"Proximity","2023-12-01T18:28:12.600000+00:00","Behavior Group 2","2023-12-01T18:28:09.400000+00:00",1921.4,3.2,""
"Passive","2023-12-01T18:28:15.900000+00:00","Behavior Group 1","2023-12-01T18:28:12.600000+00:00",1924.6,3.3,""
"Stop Groom","2023-12-01T18:28:16+00:00","Behavior Group 3","2023-12-01T18:27:46.100000+00:00",1898.1,29.9,""
"Stop Group 1","2023-12-01T18:29:38.400000+00:00","Behavior Group 1","2023-12-01T18:28:15.900000+00:00",1927.9,82.5,""
"Withdraw","2023-12-01T18:29:44.100000+00:00","","2023-12-01T18:29:44.100000+00:00",2016.1,0.0,""
"Social Contact","2023-12-01T18:29:44.200000+00:00","Behavior Group 2","2023-12-01T18:28:12.600000+00:00",1924.6,91.6,""
"Receive Groom","2023-12-01T18:29:44.200000+00:00","Behavior Group 3","2023-12-01T18:28:16+00:00",1928.0,88.2,""
"Locomotion","2023-12-01T18:29:56.400000+00:00","Behavior Group 1","2023-12-01T18:29:38.400000+00:00",2010.4,18.0,""
"Proximity","2023-12-01T18:29:59.400000+00:00","Behavior Group 2","2023-12-01T18:29:44.200000+00:00",2016.2,15.2,""
"Stop Groom","2023-12-01T18:29:59.400000+00:00","Behavior Group 3","2023-12-01T18:29:44.200000+00:00",2016.2,15.2,""
"Passive","2023-12-01T18:29:59.400000+00:00","Behavior Group 1","2023-12-01T18:29:56.400000+00:00",2028.4,3.0,""
"Yawn","2023-12-01T18:30:16.199000+00:00","","2023-12-01T18:30:16.199000+00:00",2048.199,0.0,""
"Stop Group 1","2023-12-01T18:31:15.900000+00:00","Behavior Group 1","2023-12-01T18:29:59.400000+00:00",2031.4,76.5,""
"Self Directed","2023-12-01T18:31:20.900000+00:00","Behavior Group 1","2023-12-01T18:31:15.900000+00:00",2107.9,5.0,""
"Receive Groom","2023-12-01T18:31:38.400000+00:00","Behavior Group 3","2023-12-01T18:29:59.400000+00:00",2031.4,99.0,""
"Social Contact","2023-12-01T18:31:38.400000+00:00","Behavior Group 2","2023-12-01T18:29:59.400000+00:00",2031.4,99.0,""
"Stop Group 1","2023-12-01T18:31:38.400000+00:00","Behavior Group 1","2023-12-01T18:31:20.900000+00:00",2112.9,17.5,""
"Passive","2023-12-01T18:31:46+00:00","Behavior Group 1","2023-12-01T18:31:38.400000+00:00",2130.4,7.6,""
"Locomotion","2023-12-01T18:32:06.400000+00:00","Behavior Group 1","2023-12-01T18:31:46+00:00",2138.0,20.4,""
"Stop Group 1","2023-12-01T18:32:06.400000+00:00","Behavior Group 1","2023-12-01T18:32:06.400000+00:00",2158.4,0.0,""
"Passive","2023-12-01T18:32:27.700000+00:00","Behavior Group 1","2023-12-01T18:32:06.400000+00:00",2158.4,21.3,""
"Withdraw","2023-12-01T18:32:30.300000+00:00","","2023-12-01T18:32:30.300000+00:00",2182.3,0.0,""
"Proximity","2023-12-01T18:32:30.300000+00:00","Behavior Group 2","2023-12-01T18:31:38.400000+00:00",2130.4,51.9,""
"Approach","2023-12-01T18:32:35.700000+00:00","","2023-12-01T18:32:35.700000+00:00",2187.7,0.0,""
"Isolation","2023-12-01T18:32:35.700000+00:00","Behavior Group 2","2023-12-01T18:32:30.300000+00:00",2182.3,5.4,""
"Stop Groom","2023-12-01T18:32:39.200000+00:00","Behavior Group 3","2023-12-01T18:31:38.400000+00:00",2130.4,60.8,""
"Locomotion","2023-12-01T18:32:39.200000+00:00","Behavior Group 1","2023-12-01T18:32:27.700000+00:00",2179.7,11.5,""
"Solicit Grooming","2023-12-01T18:32:41.600000+00:00","Behavior Group 3","2023-12-01T18:32:39.200000+00:00",2191.2,2.4,""
"Stop Group 1","2023-12-01T18:32:41.700000+00:00","Behavior Group 1","2023-12-01T18:32:39.200000+00:00",2191.2,2.5,""
"Passive","2023-12-01T18:32:46+00:00","Behavior Group 1","2023-12-01T18:32:41.700000+00:00",2193.7,4.3,""
"Proximity","2023-12-01T18:32:47.400000+00:00","Behavior Group 2","2023-12-01T18:32:35.700000+00:00",2187.7,11.7,""
"Social Contact","2023-12-01T18:32:49.200000+00:00","Behavior Group 2","2023-12-01T18:32:47.400000+00:00",2199.4,1.8,""
"Locomotion","2023-12-01T18:32:55.900000+00:00","Behavior Group 1","2023-12-01T18:32:46+00:00",2198.0,9.9,""
"Passive","2023-12-01T18:33:05.800000+00:00","Behavior Group 1","2023-12-01T18:32:55.900000+00:00",2207.9,9.9,""
"Withdraw","2023-12-01T18:33:06.500000+00:00","","2023-12-01T18:33:06.500000+00:00",2218.5,0.0,""
"Proximity","2023-12-01T18:33:07.100000+00:00","Behavior Group 2","2023-12-01T18:32:49.200000+00:00",2201.2,17.9,""
"Approach","2023-12-01T18:33:12.800000+00:00","","2023-12-01T18:33:12.800000+00:00",2224.8,0.0,""
"Isolation","2023-12-01T18:33:12.800000+00:00","Behavior Group 2","2023-12-01T18:33:07.100000+00:00",2219.1,5.7,""
"Locomotion","2023-12-01T18:33:12.800000+00:00","Behavior Group 1","2023-12-01T18:33:05.800000+00:00",2217.8,7.0,""
"Proximity","2023-12-01T18:33:14.200000+00:00","Behavior Group 2","2023-12-01T18:33:12.800000+00:00",2224.8,1.4,""
"Self Directed","2023-12-01T18:33:17.500000+00:00","Behavior Group 1","2023-12-01T18:33:12.800000+00:00",2224.8,4.7,""
"Withdraw","2023-12-01T18:33:17.500000+00:00","","2023-12-01T18:33:17.500000+00:00",2229.5,0.0,""
"Social Contact","2023-12-01T18:33:18.600000+00:00","Behavior Group 2","2023-12-01T18:33:14.200000+00:00",2226.2,4.4,""
"Locomotion","2023-12-01T18:33:18.600000+00:00","Behavior Group 1","2023-12-01T18:33:17.500000+00:00",2229.5,1.1,""
"Manipulation","2023-12-01T18:33:22.600000+00:00","Behavior Group 1","2023-12-01T18:33:18.600000+00:00",2230.6,4.0,""
"Passive","2023-12-01T18:33:26.100000+00:00","Behavior Group 1","2023-12-01T18:33:22.600000+00:00",2234.6,3.5,""
"Approach","2023-12-01T18:33:31.500000+00:00","","2023-12-01T18:33:31.500000+00:00",2243.5,0.0,""
"Isolation","2023-12-01T18:33:31.500000+00:00","Behavior Group 2","2023-12-01T18:33:18.600000+00:00",2230.6,12.9,""
"Locomotion","2023-12-01T18:33:35.500000+00:00","Behavior Group 1","2023-12-01T18:33:26.100000+00:00",2238.1,9.4,""
"Social Contact","2023-12-01T18:33:37.400000+00:00","Behavior Group 2","2023-12-01T18:33:31.500000+00:00",2243.5,5.9,""
"Passive","2023-12-01T18:33:41.100000+00:00","Behavior Group 1","2023-12-01T18:33:35.500000+00:00",2247.5,5.6,""
"Self Directed","2023-12-01T18:33:44.500000+00:00","Behavior Group 1","2023-12-01T18:33:41.100000+00:00",2253.1,3.4,""
"Locomotion","2023-12-01T18:33:54.300000+00:00","Behavior Group 1","2023-12-01T18:33:44.500000+00:00",2256.5,9.8,""
"Passive","2023-12-01T18:33:55+00:00","Behavior Group 1","2023-12-01T18:33:54.300000+00:00",2266.3,0.7,""
"Withdraw","2023-12-01T18:33:55.100000+00:00","","2023-12-01T18:33:55.100000+00:00",2267.1,0.0,""
"Proximity","2023-12-01T18:33:56.100000+00:00","Behavior Group 2","2023-12-01T18:33:37.400000+00:00",2249.4,18.7,""
"Approach","2023-12-01T18:33:58.400000+00:00","","2023-12-01T18:33:58.400000+00:00",2270.4,0.0,""
"Isolation","2023-12-01T18:33:58.400000+00:00","Behavior Group 2","2023-12-01T18:33:56.100000+00:00",2268.1,2.3,""
"Locomotion","2023-12-01T18:34:03.800000+00:00","Behavior Group 1","2023-12-01T18:33:55+00:00",2267.0,8.8,""
"Withdraw","2023-12-01T18:34:03.800000+00:00","","2023-12-01T18:34:03.800000+00:00",2275.8,0.0,""
"Proximity","2023-12-01T18:34:03.800000+00:00","Behavior Group 2","2023-12-01T18:33:58.400000+00:00",2270.4,5.4,""
"Passive","2023-12-01T18:34:08.700000+00:00","Behavior Group 1","2023-12-01T18:34:03.800000+00:00",2275.8,4.9,""
"Manipulation","2023-12-01T18:34:12+00:00","Behavior Group 1","2023-12-01T18:34:08.700000+00:00",2280.7,3.3,""
"Locomotion","2023-12-01T18:34:23+00:00","Behavior Group 1","2023-12-01T18:34:12+00:00",2284.0,11.0,""
"Isolation","2023-12-01T18:34:23+00:00","Behavior Group 2","2023-12-01T18:34:03.800000+00:00",2275.8,19.2,""
"Approach","2023-12-01T18:34:23+00:00","","2023-12-01T18:34:23+00:00",2295.0,0.0,""
"Passive","2023-12-01T18:34:39.200000+00:00","Behavior Group 1","2023-12-01T18:34:23+00:00",2295.0,16.2,""
"Proximity","2023-12-01T18:34:40.900000+00:00","Behavior Group 2","2023-12-01T18:34:23+00:00",2295.0,17.9,""
"Withdraw","2023-12-01T18:34:40.900000+00:00","","2023-12-01T18:34:40.900000+00:00",2312.9,0.0,""
"Locomotion","2023-12-01T18:34:43.300000+00:00","Behavior Group 1","2023-12-01T18:34:39.200000+00:00",2311.2,4.1,""
"Manipulation","2023-12-01T18:34:52.800000+00:00","Behavior Group 1","2023-12-01T18:34:43.300000+00:00",2315.3,9.5,""
"Passive","2023-12-01T18:34:54.300000+00:00","Behavior Group 1","2023-12-01T18:34:52.800000+00:00",2324.8,1.5,""
"Isolation","2023-12-01T18:34:55.300000+00:00","Behavior Group 2","2023-12-01T18:34:40.900000+00:00",2312.9,14.4,""
"Approach","2023-12-01T18:34:55.600000+00:00","","2023-12-01T18:34:55.600000+00:00",2327.6,0.0,""
"Locomotion","2023-12-01T18:34:57.900000+00:00","Behavior Group 1","2023-12-01T18:34:54.300000+00:00",2326.3,3.6,""
"Social Contact","2023-12-01T18:34:59.100000+00:00","Behavior Group 2","2023-12-01T18:34:55.300000+00:00",2327.3,3.8,""
"Passive","2023-12-01T18:34:59.900000+00:00","Behavior Group 1","2023-12-01T18:34:57.900000+00:00",2329.9,2.0,""
"Withdraw","2023-12-01T18:35:00.700000+00:00","","2023-12-01T18:35:00.700000+00:00",2332.7,0.0,""
"Locomotion","2023-12-01T18:35:10.900000+00:00","Behavior Group 1","2023-12-01T18:34:59.900000+00:00",2331.9,11.0,""
"Passive","2023-12-01T18:35:33.100000+00:00","Behavior Group 1","2023-12-01T18:35:10.900000+00:00",2342.9,22.2,""
"Self Directed","2023-12-01T18:35:37.800000+00:00","Behavior Group 1","2023-12-01T18:35:33.100000+00:00",2365.1,4.7,""
"Withdraw","2023-12-01T18:35:44.600000+00:00","","2023-12-01T18:35:44.600000+00:00",2376.6,0.0,""
"Proximity","2023-12-01T18:35:44.600000+00:00","Behavior Group 2","2023-12-01T18:34:59.100000+00:00",2331.1,45.5,""
"Locomotion","2023-12-01T18:35:44.600000+00:00","Behavior Group 1","2023-12-01T18:35:37.800000+00:00",2369.8,6.8,""
"Passive","2023-12-01T18:35:45.800000+00:00","Behavior Group 1","2023-12-01T18:35:44.600000+00:00",2376.6,1.2,""
"Locomotion","2023-12-01T18:35:51+00:00","Behavior Group 1","2023-12-01T18:35:45.800000+00:00",2377.8,5.2,""
"Isolation","2023-12-01T18:35:51+00:00","Behavior Group 2","2023-12-01T18:35:44.600000+00:00",2376.6,6.4,""
"Approach","2023-12-01T18:35:51+00:00","","2023-12-01T18:35:51+00:00",2383.0,0.0,""
"Passive","2023-12-01T18:35:51.400000+00:00","Behavior Group 1","2023-12-01T18:35:51+00:00",2383.0,0.4,""
"Self Directed","2023-12-01T18:35:55.200000+00:00","Behavior Group 1","2023-12-01T18:35:51.400000+00:00",2383.4,3.8,""
"Withdraw","2023-12-01T18:36:05.500000+00:00","","2023-12-01T18:36:05.500000+00:00",2397.5,0.0,""
"Proximity","2023-12-01T18:36:05.500000+00:00","Behavior Group 2","2023-12-01T18:35:51+00:00",2383.0,14.5,""
"Locomotion","2023-12-01T18:36:05.500000+00:00","Behavior Group 1","2023-12-01T18:35:55.200000+00:00",2387.2,10.3,""
"Passive","2023-12-01T18:36:05.500000+00:00","Behavior Group 1","2023-12-01T18:36:05.500000+00:00",2397.5,0.0,""
"Manipulation","2023-12-01T18:36:06+00:00","Behavior Group 1","2023-12-01T18:36:05.500000+00:00",2397.5,0.5,""
"Locomotion","2023-12-01T18:36:12.300000+00:00","Behavior Group 1","2023-12-01T18:36:06+00:00",2398.0,6.3,""
"Manipulation","2023-12-01T18:36:17.800000+00:00","Behavior Group 1","2023-12-01T18:36:12.300000+00:00",2404.3,5.5,""
"Locomotion","2023-12-01T18:36:21.800000+00:00","Behavior Group 1","2023-12-01T18:36:17.800000+00:00",2409.8,4.0,""
"Isolation","2023-12-01T18:36:21.800000+00:00","Behavior Group 2","2023-12-01T18:36:05.500000+00:00",2397.5,16.3,""
"Approach","2023-12-01T18:36:21.800000+00:00","","2023-12-01T18:36:21.800000+00:00",2413.8,0.0,""
"Self Directed","2023-12-01T18:36:25.800000+00:00","Behavior Group 1","2023-12-01T18:36:21.800000+00:00",2413.8,4.0,""
"Proximity","2023-12-01T18:36:28.900000+00:00","Behavior Group 2","2023-12-01T18:36:21.800000+00:00",2413.8,7.1,""
"Withdraw","2023-12-01T18:36:28.900000+00:00","","2023-12-01T18:36:28.900000+00:00",2420.9,0.0,""
"Locomotion","2023-12-01T18:36:29.700000+00:00","Behavior Group 1","2023-12-01T18:36:25.800000+00:00",2417.8,3.9,""
"Manipulation","2023-12-01T18:36:31.200000+00:00","Behavior Group 1","2023-12-01T18:36:29.700000+00:00",2421.7,1.5,""
"Locomotion","2023-12-01T18:36:31.200000+00:00","Behavior Group 1","2023-12-01T18:36:31.200000+00:00",2423.2,0.0,""
"Passive","2023-12-01T18:36:37.100000+00:00","Behavior Group 1","2023-12-01T18:36:31.200000+00:00",2423.2,5.9,""
"Manipulation","2023-12-01T18:36:37.100000+00:00","Behavior Group 1","2023-12-01T18:36:37.100000+00:00",2429.1,0.0,""
"Locomotion","2023-12-01T18:36:40.800000+00:00","Behavior Group 1","2023-12-01T18:36:37.100000+00:00",2429.1,3.7,""
"Isolation","2023-12-01T18:36:40.800000+00:00","Behavior Group 2","2023-12-01T18:36:28.900000+00:00",2420.9,11.9,""
"Approach","2023-12-01T18:36:40.800000+00:00","","2023-12-01T18:36:40.800000+00:00",2432.8,0.0,""
"Stop Groom","2023-12-01T18:36:46+00:00","Behavior Group 3","2023-12-01T18:32:41.600000+00:00",2193.6,244.4,""
"Self Directed","2023-12-01T18:36:46+00:00","Behavior Group 1","2023-12-01T18:36:40.800000+00:00",2432.8,5.2,""
"Stop Group 1","2023-12-01T18:36:47.500000+00:00","Behavior Group 1","2023-12-01T18:36:46+00:00",2438.0,1.5,""
"Solicit Grooming","2023-12-01T18:36:47.500000+00:00","Behavior Group 3","2023-12-01T18:36:46+00:00",2438.0,1.5,""
"Self Directed","2023-12-01T18:36:52.900000+00:00","Behavior Group 1","2023-12-01T18:36:47.500000+00:00",2439.5,5.4,""
"Proximity","2023-12-01T18:36:53.600000+00:00","Behavior Group 2","2023-12-01T18:36:40.800000+00:00",2432.8,12.8,""
"Social Contact","2023-12-01T18:36:56.100000+00:00","Behavior Group 2","2023-12-01T18:36:53.600000+00:00",2445.6,2.5,""
"Locomotion","2023-12-01T18:37:01.800000+00:00","Behavior Group 1","2023-12-01T18:36:52.900000+00:00",2444.9,8.9,""
"Withdraw","2023-12-01T18:37:01.800000+00:00","","2023-12-01T18:37:01.800000+00:00",2453.8,0.0,""
"Proximity","2023-12-01T18:37:01.800000+00:00","Behavior Group 2","2023-12-01T18:36:56.100000+00:00",2448.1,5.7,""
"Passive","2023-12-01T18:37:13.900000+00:00","Behavior Group 1","2023-12-01T18:37:01.800000+00:00",2453.8,12.1,""
"Locomotion","2023-12-01T18:37:24.100000+00:00","Behavior Group 1","2023-12-01T18:37:13.900000+00:00",2465.9,10.2,""
"Passive","2023-12-01T18:37:24.700000+00:00","Behavior Group 1","2023-12-01T18:37:24.100000+00:00",2476.1,0.6,""
"Isolation","2023-12-01T18:37:25.900000+00:00","Behavior Group 2","2023-12-01T18:37:01.800000+00:00",2453.8,24.1,""
"Self Directed","2023-12-01T18:37:34+00:00","Behavior Group 1","2023-12-01T18:37:24.700000+00:00",2476.7,9.3,""
"Locomotion","2023-12-01T18:37:46.700000+00:00","Behavior Group 1","2023-12-01T18:37:34+00:00",2486.0,12.7,""
"Passive","2023-12-01T18:37:47.100000+00:00","Behavior Group 1","2023-12-01T18:37:46.700000+00:00",2498.7,0.4,""
"Locomotion","2023-12-01T18:38:07.900000+00:00","Behavior Group 1","2023-12-01T18:37:47.100000+00:00",2499.1,20.8,""
"Self Directed","2023-12-01T18:38:11.700000+00:00","Behavior Group 1","2023-12-01T18:38:07.900000+00:00",2519.9,3.8,""
"Locomotion","2023-12-01T18:38:19.300000+00:00","Behavior Group 1","2023-12-01T18:38:11.700000+00:00",2523.7,7.6,""
"Passive","2023-12-01T18:38:22+00:00","Behavior Group 1","2023-12-01T18:38:19.300000+00:00",2531.3,2.7,""
"Locomotion","2023-12-01T18:38:40.700000+00:00","Behavior Group 1","2023-12-01T18:38:22+00:00",2534.0,18.7,""
"Passive","2023-12-01T18:38:41.400000+00:00","Behavior Group 1","2023-12-01T18:38:40.700000+00:00",2552.7,0.7,""
"Locomotion","2023-12-01T18:38:47.200000+00:00","Behavior Group 1","2023-12-01T18:38:41.400000+00:00",2553.4,5.8,""
"Passive","2023-12-01T18:38:47.800000+00:00","Behavior Group 1","2023-12-01T18:38:47.200000+00:00",2559.2,0.6,""
"Locomotion","2023-12-01T18:38:53.800000+00:00","Behavior Group 1","2023-12-01T18:38:47.800000+00:00",2559.8,6.0,""
"Passive","2023-12-01T18:38:54.900000+00:00","Behavior Group 1","2023-12-01T18:38:53.800000+00:00",2565.8,1.1,""
"Self Directed","2023-12-01T18:38:57.600000+00:00","Behavior Group 1","2023-12-01T18:38:54.900000+00:00",2566.9,2.7,""
"Locomotion","2023-12-01T18:39:17+00:00","Behavior Group 1","2023-12-01T18:38:57.600000+00:00",2569.6,19.4,""
"Passive","2023-12-01T18:39:17.200000+00:00","Behavior Group 1","2023-12-01T18:39:17+00:00",2589.0,0.2,""
"Locomotion","2023-12-01T18:39:20.100000+00:00","Behavior Group 1","2023-12-01T18:39:17.200000+00:00",2589.2,2.9,""
"Manipulation","2023-12-01T18:39:25.300000+00:00","Behavior Group 1","2023-12-01T18:39:20.100000+00:00",2592.1,5.2,""
"Passive","2023-12-01T18:39:32.900000+00:00","Behavior Group 1","2023-12-01T18:39:25.300000+00:00",2597.3,7.6,""
"Locomotion","2023-12-01T18:39:36.400000+00:00","Behavior Group 1","2023-12-01T18:39:32.900000+00:00",2604.9,3.5,""
"Passive","2023-12-01T18:39:50+00:00","Behavior Group 1","2023-12-01T18:39:36.400000+00:00",2608.4,13.6,""
"Locomotion","2023-12-01T18:40:01.700000+00:00","Behavior Group 1","2023-12-01T18:39:50+00:00",2622.0,11.7,""
"Passive","2023-12-01T18:40:03.600000+00:00","Behavior Group 1","2023-12-01T18:40:01.700000+00:00",2633.7,1.9,""
"Locomotion","2023-12-01T18:40:12+00:00","Behavior Group 1","2023-12-01T18:40:03.600000+00:00",2635.6,8.4,""
"Passive","2023-12-01T18:40:16.100000+00:00","Behavior Group 1","2023-12-01T18:40:12+00:00",2644.0,4.1,""
"Proximity","2023-12-01T18:40:19.200000+00:00","Behavior Group 2","2023-12-01T18:37:25.900000+00:00",2477.9,173.3,""
"Social Contact","2023-12-01T18:40:23.600000+00:00","Behavior Group 2","2023-12-01T18:40:19.200000+00:00",2651.2,4.4,""
"Locomotion","2023-12-01T18:40:25.700000+00:00","Behavior Group 1","2023-12-01T18:40:16.100000+00:00",2648.1,9.6,""
"Passive","2023-12-01T18:40:29.500000+00:00","Behavior Group 1","2023-12-01T18:40:25.700000+00:00",2657.7,3.8,""
"Proximity","2023-12-01T18:40:31.700000+00:00","Behavior Group 2","2023-12-01T18:40:23.600000+00:00",2655.6,8.1,""
"Social Contact","2023-12-01T18:40:32.300000+00:00","Behavior Group 2","2023-12-01T18:40:31.700000+00:00",2663.7,0.6,""
"Proximity","2023-12-01T18:40:51.600000+00:00","Behavior Group 2","2023-12-01T18:40:32.300000+00:00",2664.3,19.3,""
"Locomotion","2023-12-01T18:40:52.200000+00:00","Behavior Group 1","2023-12-01T18:40:29.500000+00:00",2661.5,22.7,""
"Passive","2023-12-01T18:40:57.200000+00:00","Behavior Group 1","2023-12-01T18:40:52.200000+00:00",2684.2,5.0,""
"Social Contact","2023-12-01T18:40:57.500000+00:00","Behavior Group 2","2023-12-01T18:40:51.600000+00:00",2683.6,5.9,""
"Withdraw","2023-12-01T18:40:58.400000+00:00","","2023-12-01T18:40:58.400000+00:00",2690.4,0.0,""
"Locomotion","2023-12-01T18:40:58.500000+00:00","Behavior Group 1","2023-12-01T18:40:57.200000+00:00",2689.2,1.3,""
"Proximity","2023-12-01T18:41:00.400000+00:00","Behavior Group 2","2023-12-01T18:40:57.500000+00:00",2689.5,2.9,""
"Stop Groom","2023-12-01T18:41:00.400000+00:00","Behavior Group 3","2023-12-01T18:36:47.500000+00:00",2439.5,252.9,""
"Passive","2023-12-01T18:41:00.400000+00:00","Behavior Group 1","2023-12-01T18:40:58.500000+00:00",2690.5,1.9,""
"Social Contact","2023-12-01T18:41:03.200000+00:00","Behavior Group 2","2023-12-01T18:41:00.400000+00:00",2692.4,2.8,""
"Give Groom","2023-12-01T18:41:03.200000+00:00","Behavior Group 3","2023-12-01T18:41:00.400000+00:00",2692.4,2.8,""
"Stop Group 1","2023-12-01T18:41:03.200000+00:00","Behavior Group 1","2023-12-01T18:41:00.400000+00:00",2692.4,2.8,""
"Passive","2023-12-01T18:41:07.500000+00:00","Behavior Group 1","2023-12-01T18:41:03.200000+00:00",2695.2,4.3,""
"Locomotion","2023-12-01T18:41:08+00:00","Behavior Group 1","2023-12-01T18:41:07.500000+00:00",2699.5,0.5,""
"Proximity","2023-12-01T18:41:08+00:00","Behavior Group 2","2023-12-01T18:41:03.200000+00:00",2695.2,4.8,""
"END 15 Minutes","2023-12-01T18:42:03.500000+00:00","Behavior Group 2","2023-12-01T18:41:08+00:00",2700.0,55.5,""
"Stop Groom","2023-12-01T18:42:03.500000+00:00","Behavior Group 3","2023-12-01T18:41:03.200000+00:00",2695.2,60.3,""
"Social Contact","2023-12-01T18:42:38+00:00","Behavior Group 2","2023-12-01T18:42:03.500000+00:00",2755.5,34.5,""
"Receive Groom","2023-12-01T18:42:38+00:00","Behavior Group 3","2023-12-01T18:42:03.500000+00:00",2755.5,34.5,""
"Stop Group 1","2023-12-01T18:42:38+00:00","Behavior Group 1","2023-12-01T18:41:08+00:00",2700.0,90.0,""
